0400000000000000

04002b0000000000

00002b0000000000

0000000000000000

0200000000000000

0200170000000000

0200000000000000

0200090000000000

0200000000000000

0200060000000000

0200000000000000

0200060000000000

0200000000000000

0200170000000000

0200000000000000

0200090000000000

0200000000000000

02002f0000000000

0200000000000000

0000000000000000

00001a0000000000

0000000000000000

0000210000000000

0000000000000000

00000f0000000000

0000000000000000

0000170000000000

0000000000000000

0000200000000000

0000000000000000

0000150000000000

0000000000000000

0200000000000000

02002d0000000000

0200000000000000

0000000000000000

00001c0000000000

0000000000000000

0000270000000000

0000000000000000

0000180000000000

0000000000000000

0200000000000000

02002d0000000000

0200000000000000

0000000000000000

0000160000000000

0000000000000000

0000180000000000

0000000000000000

0000220000000000

0000000000000000

0000220000000000

0000000000000000

00001c0000000000

0000000000000000

0200000000000000

02002d0000000000

0200000000000000

0000000000000000

0000050000000000

0000000000000000

0000210000000000

0000000000000000

00000e0000000000

0000000000000000

0000210000000000

0000000000000000

0200000000000000

02001e0000000000

0200000000000000

0000000000000000

0200000000000000

02001a0000000000

0200000000000000

0000000000000000

00000b0000000000

0000000000000000

00001c0000000000

0000000000000000

0200000000000000

02002d0000000000

0200000000000000

0000000000000000

0000040000000000

0000000000000000

0000150000000000

0000000000000000

0000200000000000

0000000000000000

0200000000000000

02002d0000000000

0200000000000000

0000000000000000

00001c0000000000

0000000000000000

0000270000000000

0000000000000000

0000180000000000

0000000000000000

0200000000000000

02002d0000000000

0200000000000000

0000000000000000

00000b0000000000

0000000000000000

00001e0000000000

0000000000000000

0000070000000000

0000000000000000

00001e0000000000

0000000000000000

0000110000000000

0000000000000000

00000a0000000000

0000000000000000

0200000000000000

02002d0000000000

0200000000000000

0000000000000000

0000180000000000

0000000000000000

0000110000000000

0000000000000000

0000070000000000

0000000000000000

0000200000000000

0000000000000000

0000150000000000

0000000000000000

0000110000000000

0000000000000000

0000200000000000

0000000000000000

0000210000000000

0000000000000000

0000170000000000

0000000000000000

00000b0000000000

0000000000000000

0200000000000000

02002d0000000000

0200000000000000

0000000000000000

0000100000000000

0000000000000000

00001c0000000000

0000000000000000

0200000000000000

02002d0000000000

0200000000000000

0000000000000000

0000070000000000

0000000000000000

0000200000000000

0000000000000000

0000160000000000

0000000000000000

00000e0000000000

0000000000000000

0200000000000000

0200300000000000

0200000000000000

0000000000000000

0400000000000000

04002b0000000000

00002b0000000000

0000000000000000

